＜＜delete関数実装のみ>＞
Functional tests passed!
0 0.091040
1 0.167182
2 0.231321
3 0.326637
4 0.509547
5 0.885796
6 1.520906
7 1.827097
8 2.781021
9 3.282855
10 4.251561
11 4.780660
12 5.747101
13 5.960457
14 6.823681
15 8.283481
16 9.610764
17 11.203679
18 10.681030
19 10.967135
20 11.087537
21 11.922756
22 12.176465
23 12.584749
24 13.464582
25 14.656378
26 16.406724
27 14.988498
28 15.854962
29 17.955080
30 18.123343
31 18.747928
32 18.814005
33 18.402029
34 18.672318
35 19.180596
36 20.473097
37 20.577724
38 21.301499
39 21.987642
40 22.527488
41 23.210494
42 24.056324
43 24.636559
44 25.128098
45 26.024945
46 27.971853
47 27.474643
48 29.532271
49 28.671186
50 29.256450
51 29.953455
52 30.403807
53 30.833188
54 32.012313
55 32.258364
56 42.824994
57 35.311743
58 34.397802
59 35.636459
60 35.672422
61 36.348248
62 37.000027
63 37.815635
64 38.301187
65 39.115703
66 39.669821
67 39.906385
68 40.712181
69 41.659771
70 41.684655
71 43.392141
72 43.776600
73 56.493238
74 213.440361
75 945.347472
76 90.111685
77 50.583761
78 51.810255
79 50.193383
80 49.589477
81 50.242348
82 50.916938
83 51.634133
84 52.412280
85 52.895771
86 52.971643
87 53.619714
88 54.102524
89 55.268073
90 56.231223
91 986.140196
92 64.369161
93 61.739544
94 62.564902
95 61.218475
96 62.094923
97 61.570673
98 552.312422
99 68.843354
Performance tests passed!


＜＜rehashing関数実装＞＞
Functional tests passed!
0 0.089102
1 0.209306
2 0.198503
3 0.465900
4 0.438053
5 0.483942
6 0.640392
7 0.832919
8 0.821422
9 1.026171
10 1.363153
11 1.888036
12 2.681027
13 2.849670
14 3.445315
15 2.226033
16 2.285931
17 2.892054
18 3.542825
19 3.980788
20 4.192843
21 4.507441
22 5.045706
23 5.580753
24 6.136254
25 6.724046
26 8.000758
27 8.100100
28 11.467352
29 4.027932
30 4.569981
31 5.237659
32 5.348160
33 5.966934
34 6.559126
35 6.838116
36 7.703139
37 8.342633
38 9.036359
39 9.471353
40 9.945894
41 10.451394
42 11.489151
43 11.514752
44 11.874724
45 12.585153
46 13.762900
47 13.896597
48 15.099045
49 15.713502
50 15.712558
51 16.367613
52 17.442937
53 18.472078
54 19.553396
55 19.508054
56 19.144761
57 26.834280
58 9.940237
59 10.252707
60 10.778090
61 11.387341
62 11.849500
63 12.612097
64 13.655047
65 13.999303
66 14.412304
67 14.692363
68 15.585433
69 15.866564
70 16.450383
71 16.948013
72 18.100515
73 18.678423
74 19.178625
75 20.340626
76 21.035609
77 21.252165
78 22.103244
79 23.359533
80 23.674093
81 24.285167
82 25.457103
83 25.030689
84 26.175673
85 26.826829
86 27.166085
87 28.379366
88 28.109094
89 29.192034
90 30.770164
91 30.418958
92 31.064132
93 30.883778
94 32.305207
95 32.595317
96 34.082901
97 34.401804
98 35.386329
99 35.156264
Performance tests passed!
